image: innova_edited.pgm
resolution: 0.050000
origin: [-4.389906, -6.053592, 0.000000]
negate: 0
occupied_thresh: 0.65
free_thresh: 0.196

